data/samples/361.jpg #宝山景区 796 1110 842 1110 842 1124 796 1124 
data/samples/361.jpg 车除外)请至 796 1097 848 1098 847 1111 796 1110 
data/samples/361.jpg 交大客出租 797 1084 848 1084 848 1097 797 1097 
data/samples/361.jpg 11km 197 1012 227 1006 230 1018 200 1023 
data/samples/361.jpg 除持通行证外 928 831 992 833 992 850 927 848 
data/samples/361.jpg 8:30-17:00 928 798 994 801 994 816 927 813 
data/samples/361.jpg 粤高速 963 815 993 817 992 834 962 832 
data/samples/361.jpg 禁止 928 814 950 815 949 831 927 830 
data/samples/425.jpg 行车道 775 435 1029 416 1036 488 781 508 
data/samples/425.jpg 90 933 540 1007 538 1009 586 934 587 
data/samples/425.jpg 应急车道 1682 463 1922 502 1911 565 1672 526 
